0 0.462691 0.949444 0.114289 0.095083
0 0.635223 0.557438 0.058961 0.051931
0 0.772852 0.652861 0.078312 0.090583
0 0.814422 0.519597 0.059906 0.057917
0 0.768801 0.568944 0.067367 0.067306
0 0.608117 0.889674 0.110719 0.182292
0 0.275813 0.707993 0.062688 0.101264
0 0.271941 0.832722 0.080508 0.161889
0 0.686523 0.742688 0.090188 0.116347
0 0.326355 0.416861 0.034852 0.035861
0 0.762918 0.409319 0.037430 0.050444
0 0.497469 0.478368 0.043031 0.044792
0 0.555098 0.466556 0.048867 0.048667
0 0.478473 0.613819 0.063320 0.089083
0 0.381707 0.619924 0.058992 0.096681
0 0.239602 0.535535 0.036562 0.048069
0 0.273246 0.489924 0.032570 0.043153
0 0.307812 0.469444 0.037172 0.040417
0 0.397066 0.447042 0.034414 0.030583
0 0.430719 0.437757 0.034094 0.034958
0 0.592477 0.460701 0.037484 0.041514
