0 0.447281 0.573403 0.053781 0.065833
0 0.663152 0.476292 0.043758 0.030861
0 0.282738 0.782111 0.078508 0.169556
0 0.936516 0.692208 0.085641 0.076556
0 0.979398 0.580125 0.041125 0.071694
0 0.610254 0.474090 0.050336 0.051625
0 0.596523 0.529813 0.038641 0.048931
0 0.397578 0.657521 0.069687 0.137236
0 0.929129 0.608486 0.083602 0.075306
0 0.676910 0.580743 0.062211 0.066819
0 0.522504 0.693181 0.066523 0.116250
0 0.682719 0.721694 0.086203 0.128083
0 0.811191 0.676153 0.085023 0.082917
0 0.890402 0.962799 0.147164 0.074403
0 0.392121 0.443403 0.028148 0.030694
0 0.379105 0.422396 0.025492 0.035875
0 0.314582 0.414840 0.028148 0.023597
0 0.241148 0.464618 0.037453 0.039236
0 0.200660 0.479757 0.033992 0.051458
0 0.213777 0.441653 0.032930 0.031167
0 0.265027 0.449444 0.036648 0.036361
0 0.680008 0.961167 0.112312 0.077667
0 0.284438 0.633653 0.045406 0.076944
0 0.273418 0.588326 0.038773 0.057125
0 0.329848 0.549146 0.042758 0.063736
0 0.237570 0.520118 0.038234 0.047208
0 0.342992 0.492729 0.041953 0.058542
0 0.443770 0.463229 0.036383 0.045792
0 0.498602 0.484236 0.042484 0.046278
0 0.537105 0.437736 0.038773 0.043917
0 0.471914 0.429951 0.042219 0.048153
