0 0.369074 0.441667 0.027211 0.031111
0 0.700043 0.537701 0.057023 0.058625
0 0.476270 0.632667 0.059898 0.081889
0 0.326937 0.541097 0.039719 0.059694
0 0.662645 0.469410 0.046211 0.046542
0 0.544719 0.583667 0.057125 0.076167
0 0.462996 0.525299 0.055539 0.058181
0 0.378695 0.513840 0.043641 0.052181
0 0.386332 0.483514 0.036695 0.043028
0 0.324809 0.447840 0.041148 0.047236
0 0.276547 0.462167 0.035141 0.033222
0 0.231633 0.468417 0.030344 0.036583
0 0.237039 0.443882 0.034984 0.026514
0 0.269520 0.437792 0.034117 0.022861
0 0.514035 0.430826 0.046617 0.037375
0 0.464145 0.454806 0.035305 0.028917
0 0.404340 0.455868 0.036305 0.035264
0 0.990824 0.642319 0.018023 0.057972
0 0.337973 0.416326 0.032055 0.028653
0 0.295887 0.402917 0.029148 0.023778
0 0.736105 0.518403 0.052773 0.050639
0 0.285625 0.625569 0.053938 0.103528
0 0.616543 0.497646 0.051570 0.059653
0 0.842543 0.615944 0.072773 0.069472
0 0.778332 0.642958 0.087617 0.117111
0 0.262273 0.898542 0.121719 0.191667
0 0.552844 0.472118 0.052297 0.055625
0 0.292566 0.503799 0.040148 0.049764
0 0.623305 0.679708 0.078016 0.101861
0 0.438078 0.582187 0.048578 0.062819
