0 0.897281 0.460250 0.070922 0.064389
0 0.913605 0.577306 0.082945 0.086500
0 0.251699 0.551090 0.041086 0.049458
0 0.261168 0.486125 0.034461 0.042972
0 0.261602 0.454424 0.030172 0.028958
0 0.289969 0.439646 0.037547 0.037792
0 0.402656 0.413618 0.029609 0.040958
0 0.371191 0.475771 0.042367 0.042403
0 0.430625 0.512701 0.048531 0.059236
0 0.435562 0.571521 0.026328 0.062958
0 0.388262 0.638472 0.078977 0.186472
0 0.731695 0.800069 0.110266 0.177694
0 0.293238 0.778486 0.072430 0.150000
0 0.737738 0.492535 0.051555 0.051847
0 0.748547 0.577972 0.070609 0.064361
0 0.544289 0.733528 0.073797 0.110306
0 0.301063 0.596229 0.042797 0.074347
0 0.322051 0.417250 0.041477 0.034167
0 0.508844 0.566375 0.054641 0.063167
0 0.328020 0.541375 0.038570 0.062972
0 0.292254 0.506646 0.039008 0.062097
0 0.333816 0.486021 0.042555 0.046042
