0 0.745027 0.559569 0.055695 0.054778
0 0.396125 0.691528 0.059344 0.093444
0 0.240484 0.466326 0.041906 0.049708
0 0.502387 0.554028 0.049195 0.056472
0 0.267316 0.539250 0.040164 0.069194
0 0.620637 0.550562 0.052273 0.055542
0 0.866848 0.720812 0.096039 0.097514
0 0.221219 0.421306 0.033187 0.033722
0 0.347586 0.431181 0.033062 0.031611
0 0.560852 0.510090 0.048672 0.048569
0 0.730957 0.625597 0.066211 0.073806
0 0.779273 0.542097 0.044672 0.046972
0 0.652777 0.517042 0.046633 0.042139
0 0.671090 0.495326 0.033773 0.036014
0 0.509891 0.445715 0.117281 0.133986
0 0.436105 0.440347 0.034477 0.038556
0 0.428996 0.504493 0.043727 0.051819
0 0.369094 0.511444 0.044078 0.046778
0 0.289469 0.501903 0.037484 0.041806
0 0.227262 0.470313 0.069102 0.060264
