0 0.282715 0.652715 0.056102 0.099875
0 0.462562 0.467375 0.033156 0.043306
0 0.391238 0.432451 0.031852 0.026208
0 0.349074 0.436556 0.030961 0.022833
0 0.323359 0.526271 0.047531 0.070042
0 0.486945 0.458743 0.032016 0.027236
0 0.835090 0.690618 0.090305 0.082069
0 0.825617 0.552535 0.072453 0.071042
0 0.765852 0.602361 0.068687 0.075500
0 0.559059 0.775174 0.082117 0.124764
0 0.555629 0.460847 0.035242 0.038972
0 0.502848 0.649896 0.069930 0.107847
0 0.245195 0.468882 0.037844 0.045958
0 0.621250 0.457535 0.047281 0.037931
0 0.631910 0.483132 0.047992 0.044875
0 0.614316 0.505569 0.050477 0.050556
0 0.322379 0.421382 0.030352 0.024681
0 0.383672 0.484500 0.042641 0.045833
0 0.314246 0.475153 0.042258 0.038444
0 0.261172 0.545049 0.039688 0.059597
