0 0.258129 0.550285 0.040555 0.052986
0 0.265043 0.482826 0.037789 0.048069
0 0.347551 0.488132 0.044227 0.055708
0 0.456352 0.521458 0.049188 0.053250
0 0.815973 0.928514 0.150867 0.142972
0 0.483004 0.437750 0.041477 0.031167
0 0.482926 0.471326 0.041492 0.030708
0 0.591023 0.523118 0.037328 0.045514
0 0.456922 0.587201 0.055906 0.070347
0 0.276934 0.604681 0.046836 0.076667
0 0.850078 0.562396 0.061766 0.079153
0 0.718422 0.604090 0.064609 0.080347
0 0.528711 0.726479 0.068359 0.103097
0 0.777477 0.561993 0.083172 0.095264
0 0.306184 0.413299 0.020102 0.019597
0 0.613719 0.476444 0.036594 0.034639
0 0.575605 0.480167 0.052039 0.051056
0 0.386320 0.626479 0.060344 0.094069
0 0.776270 0.425965 0.051617 0.062819
0 0.410852 0.436271 0.027562 0.028458
0 0.375363 0.439826 0.034820 0.030819
