0 0.254555 0.456347 0.030859 0.035056
0 0.431168 0.423889 0.030680 0.028944
0 0.514848 0.437757 0.050398 0.041764
0 0.835582 0.550042 0.078602 0.074583
0 0.722699 0.548438 0.064523 0.070153
0 0.595125 0.528715 0.048922 0.060597
0 0.839027 0.618604 0.091758 0.080875
0 0.499820 0.556868 0.065250 0.073042
0 0.532348 0.674667 0.070008 0.105194
0 0.491508 0.462472 0.038531 0.040222
0 0.626020 0.499549 0.052102 0.053181
0 0.447813 0.457743 0.046500 0.048264
0 0.248242 0.517014 0.041484 0.082917
0 0.342871 0.543014 0.040086 0.067778
0 0.440617 0.581764 0.052109 0.067083
0 0.350645 0.467250 0.043242 0.062556
0 0.289648 0.599757 0.066328 0.171736
0 0.284949 0.403056 0.027273 0.029139
0 0.326121 0.418799 0.026898 0.027542
0 0.383184 0.426674 0.019914 0.025681
0 0.364770 0.437646 0.035305 0.033681
0 0.243754 0.431361 0.034977 0.033222
