0 0.715336 0.513646 0.055375 0.059792
0 0.700340 0.598917 0.066695 0.071306
0 0.267227 0.587076 0.047422 0.076542
0 0.229707 0.454021 0.036117 0.037764
0 0.521508 0.653722 0.071312 0.110250
0 0.313867 0.423340 0.029781 0.025014
0 0.850840 0.694007 0.089523 0.083181
0 0.340656 0.542938 0.051359 0.061986
0 0.311074 0.403368 0.024164 0.022653
0 0.361762 0.436181 0.031633 0.035972
0 0.409402 0.675194 0.059086 0.113833
0 0.246949 0.907264 0.098727 0.153556
0 0.877773 0.645674 0.082687 0.071264
0 0.576258 0.483083 0.050875 0.052889
0 0.421383 0.543528 0.052578 0.069389
0 0.494672 0.545889 0.053641 0.065611
0 0.444805 0.464410 0.038234 0.038708
0 0.487426 0.437972 0.032664 0.040611
0 0.458746 0.447882 0.030539 0.035875
0 0.372441 0.408465 0.028414 0.029736
0 0.264629 0.488007 0.036914 0.041542
0 0.235949 0.519646 0.037445 0.047208
0 0.774734 0.870417 0.118641 0.148306
0 0.456187 0.604014 0.051344 0.077194
0 0.284801 0.690958 0.060633 0.132806
