0 0.294977 0.467583 0.039484 0.043139
0 0.251988 0.406160 0.028383 0.029986
0 0.853082 0.942514 0.107055 0.108250
0 0.273965 0.839493 0.085648 0.135764
0 0.830715 0.612056 0.071617 0.062139
0 0.874926 0.697778 0.079148 0.081972
0 0.985582 0.636264 0.028383 0.087583
0 0.639145 0.561507 0.038602 0.050625
0 0.239656 0.521167 0.040266 0.063167
0 0.382117 0.624201 0.050766 0.077236
0 0.668086 0.521965 0.043828 0.044931
0 0.423809 0.421687 0.037070 0.034153
0 0.507133 0.464465 0.040359 0.037986
0 0.306367 0.529340 0.044922 0.072653
0 0.562937 0.491063 0.045156 0.043069
0 0.434465 0.898694 0.095523 0.198639
0 0.336551 0.429875 0.023773 0.021417
0 0.597375 0.643194 0.069937 0.087944
0 0.568500 0.450028 0.041953 0.038750
0 0.343301 0.408715 0.020977 0.019014
0 0.344539 0.491708 0.039078 0.040222
