0 0.308668 0.521285 0.039961 0.057486
0 0.467348 0.438743 0.040352 0.050375
0 0.628617 0.510549 0.052250 0.047597
0 0.920125 0.651618 0.100234 0.102764
0 0.766156 0.642278 0.077375 0.085111
0 0.498109 0.628722 0.066484 0.102194
0 0.597602 0.826569 0.094047 0.139778
0 0.704695 0.507243 0.057641 0.059125
0 0.647684 0.565375 0.057711 0.054361
0 0.418555 0.430243 0.039766 0.037431
0 0.347203 0.424722 0.035344 0.024444
0 0.874477 0.931986 0.150109 0.136028
0 0.374211 0.521035 0.042641 0.051125
0 0.532008 0.588035 0.057125 0.063819
0 0.249641 0.446097 0.033922 0.035972
0 0.258965 0.479951 0.034711 0.044431
0 0.333945 0.481715 0.043438 0.048653
0 0.381844 0.476243 0.041656 0.043375
0 0.258871 0.415451 0.027602 0.027431
0 0.297016 0.418646 0.030172 0.030181
0 0.348465 0.403410 0.029492 0.026208
0 0.544996 0.461299 0.045820 0.038792
0 0.369398 0.587653 0.046719 0.076750
0 0.443539 0.502944 0.049437 0.066778
0 0.401004 0.677424 0.060992 0.114903
0 0.657918 0.699174 0.088586 0.113542
0 0.544996 0.502125 0.044727 0.050056
